100
200
300
100
400
200
500
300
600
400
700
500
800
600
900
700
800
900
100
200
100
300
200
400
300
500
400
600
500
700
600
800
700
900
800
900
100
200
100
300
200
400
300
500
400
600
500
600
700
700
800
800
900
900
100
100
200
200
100
100
200
200
300
300
400
400
500
500
600
600
700
700
800
800
900
900
100
100
200
200
300
300
400
400
500
500
600
600
700
700
800
800
900
900
100
200
300
400
500
600
700
800
900
100
200
300
400
500
600
700
800
900
100
200
300
400
500
600
700
800
900
100
200
300
400
500
600
700
800
900
100
200
300
400
500
600
700
800
900
100
200
300
400
500
100
200
300
400
500
